%YAML:1.0
---
distortion coefficients: !!opencv-matrix
   rows: 1
   cols: 5
   dt: d
   data: [ -2.4688775137752486e-01, -2.3731335614756086e-02,
       -1.0984193289277366e-03, 3.5107912534303675e-04,
       -2.5856915095728928e-03 ]
camera matrix: !!opencv-matrix
   rows: 3
   cols: 3
   dt: d
   data: [ 1.1577793008909377e+03, 0., 6.6711105399349424e+02, 0.,
       1.1528229126490517e+03, 3.8612893728991378e+02, 0., 0., 1. ]

# Order: bottom left, top left, top right, bottom right
source points: [ 580., 460.,
                 190., 720.,
                 1090., 720.,
                 704., 460. ]

# Order: bottom left, top left, top right, bottom right
destination points: [ 250., 0.,
                      250., 720.,
                      990., 720.,
                      990., 0. ]
