%YAML:1.0
---
distortion coefficients: !!opencv-matrix
   rows: 1
   cols: 5
   dt: d
   data: [ -5.3130681063895990e-01, 2.9994013492798921e-01,
       -1.9918611960412641e-03, -3.6076825076113098e-03,
       -7.5771897951689232e-02 ]
camera matrix: !!opencv-matrix
   rows: 3
   cols: 3
   dt: d
   data: [ 1.5117559674732419e+02, 0., 1.6880210579629872e+02, 0.,
       1.1365411433773981e+02, 9.1959286580891799e+01, 0., 0., 1. ]
